Benchmark Options:
	Run time (sec):       10
	Warmup time (sec):    10
	Table size:           100000000
	Zipfian Factor:       0.9
	Request num:          16
	Read rate:            1
	Update rate:          0
	Insert rate:          0
	Scan rate:            0
	Index cache (MB):     128
	Pushdown rate:        0.1
	Cache admission rate: 0.5
	Number of Threads:    40

[4mInitializing transport ...[0m
NodeID: 0, 	Hostname: node0.hcha-284738.nextgendb-pg0.utah.cloudlab.us
[4mOpening mlx5_2
[0m
Connecting to node 0 at node0.hcha-284738.nextgendb-pg0.utah.cloudlab.us:2123
Connecting to node 1 at node1.hcha-284738.nextgendb-pg0.utah.cloudlab.us:2127
Connecting to node 2 at node2.hcha-284738.nextgendb-pg0.utah.cloudlab.us:2131
Connecting to node 3 at node3.hcha-284738.nextgendb-pg0.utah.cloudlab.us:2135
Remote sockets initialized
[4mLoading the database ...[0m
Reading schema file: ../benchmarks/ycsb/schema.txt
[4mExecuting the workload ...[0m
Begin!
entering dynamic phase
Elapsed time (sec)   : 27.7969
=Stats=
    Throughput:                   1.9515e+06

    run_time:                     400.243 (10.0062,10.0063,10.0062,10.0062,10.0062,10.0062,10.0062,10.0062,10.0062,10.0062,10.0062,10.0062,10.0062,10.0063,10.0062,10.0062,10.0062,10.0062,10.0062,10.0062,10,10.0062,10.0062,10.0062,10.0062,10.0062,10.0062,10.0062,10.0062,10.0062,10.0062,10.0062,10.0062,10.0062,10.0062,10.0063,10.0062,10.0062,10.0062,10.0062,)
    time_process_txn (in us) :    20.4577 (9.98726,9.98881,9.99061,9.95828,9.98744,9.9898,9.98549,9.98083,9.98904,9.98427,9.98918,9.98881,9.98425,9.98866,9.98819,9.98507,9.99136,9.99179,9.98757,9.99099,9.98566,9.98947,9.9919,9.99115,9.98462,9.98921,9.98956,9.98532,9.98903,9.99016,9.98538,9.98941,9.98892,9.9857,9.98963,9.99001,9.98504,9.98791,9.98935,9.96859,)
    time_wait (in us) :           0 (0,0,0,0,0,0,0,0,0,0,0,0,0,0,0,0,0,0,0,0,0,0,0,0,0,0,0,0,0,0,0,0,0,0,0,0,0,0,0,0,)
    time_abort (in us) :          0 (0,0,0,0,0,0,0,0,0,0,0,0,0,0,0,0,0,0,0,0,0,0,0,0,0,0,0,0,0,0,0,0,0,0,0,0,0,0,0,0,)
    time_idle (in us) :           0 (0,0,0,0,0,0,0,0,0,0,0,0,0,0,0,0,0,0,0,0,0,0,0,0,0,0,0,0,0,0,0,0,0,0,0,0,0,0,0,0,)
    time_index (in us) :          0 (0,0,0,0,0,0,0,0,0,0,0,0,0,0,0,0,0,0,0,0,0,0,0,0,0,0,0,0,0,0,0,0,0,0,0,0,0,0,0,0,)
    time_lock (in us) :           0 (0,0,0,0,0,0,0,0,0,0,0,0,0,0,0,0,0,0,0,0,0,0,0,0,0,0,0,0,0,0,0,0,0,0,0,0,0,0,0,0,)
    time_prepare (in us) :        0 (0,0,0,0,0,0,0,0,0,0,0,0,0,0,0,0,0,0,0,0,0,0,0,0,0,0,0,0,0,0,0,0,0,0,0,0,0,0,0,0,)
    time_commit (in us) :         0 (0,0,0,0,0,0,0,0,0,0,0,0,0,0,0,0,0,0,0,0,0,0,0,0,0,0,0,0,0,0,0,0,0,0,0,0,0,0,0,0,)

    num_commits:                  1.95268e+07 (463484,493439,492198,493021,495344,484786,483858,490323,488134,488021,493980,487368,491500,490210,487508,486764,493443,493981,486660,486616,489289,480860,487627,487465,488367,491572,490377,486717,494783,490262,484767,496118,485107,488937,488925,486431,490209,484003,484520,479876,)
    num_aborts:                   0 (0,0,0,0,0,0,0,0,0,0,0,0,0,0,0,0,0,0,0,0,0,0,0,0,0,0,0,0,0,0,0,0,0,0,0,0,0,0,0,0,)
    num_waits:                    0 (0,0,0,0,0,0,0,0,0,0,0,0,0,0,0,0,0,0,0,0,0,0,0,0,0,0,0,0,0,0,0,0,0,0,0,0,0,0,0,0,)
    bytes_sent (in MB) :          1090.3 (25,27,27,27,27,27,27,27,27,27,27,27,27,27,27,27,27,27,27,27,27,26,27,27,27,27,27,27,27,27,27,27,27,27,27,27,27,27,27,26,)
    bytes_received (in MB) :      446.001 (10,11,11,11,11,11,11,11,11,11,11,11,11,11,11,11,11,11,11,11,11,10,11,11,11,11,11,11,11,11,11,11,11,11,11,11,11,11,11,10,)
    bytes_read (in MB) :          0 (0,0,0,0,0,0,0,0,0,0,0,0,0,0,0,0,0,0,0,0,0,0,0,0,0,0,0,0,0,0,0,0,0,0,0,0,0,0,0,0,)
    bytes_written (in MB) :       0 (0,0,0,0,0,0,0,0,0,0,0,0,0,0,0,0,0,0,0,0,0,0,0,0,0,0,0,0,0,0,0,0,0,0,0,0,0,0,0,0,)
    bytes_cas (in MB) :           0 (0,0,0,0,0,0,0,0,0,0,0,0,0,0,0,0,0,0,0,0,0,0,0,0,0,0,0,0,0,0,0,0,0,0,0,0,0,0,0,0,)
    bytes_faa (in MB) :           0 (0,0,0,0,0,0,0,0,0,0,0,0,0,0,0,0,0,0,0,0,0,0,0,0,0,0,0,0,0,0,0,0,0,0,0,0,0,0,0,0,)
    bytes_request:                0 (0,0,0,0,0,0,0,0,0,0,0,0,0,0,0,0,0,0,0,0,0,0,0,0,0,0,0,0,0,0,0,0,0,0,0,0,0,0,0,0,)
    bytes_response:               4.67666e+08 (11096272,11814948,11780908,11787560,11862008,11626968,11636204,11745420,11691348,11677776,11825708,11686036,11770944,11734960,11684028,11657768,11807304,11789836,11623692,11632664,11652844,11520280,11654080,11649248,11712076,11787424,11763032,11652160,11859896,11748392,11630324,11887264,11638588,11715836,11723396,11648720,11739124,11617184,11633216,11500128,)
    bytes_abort:                  0 (0,0,0,0,0,0,0,0,0,0,0,0,0,0,0,0,0,0,0,0,0,0,0,0,0,0,0,0,0,0,0,0,0,0,0,0,0,0,0,0,)
    num_cache_hits:               0 (0,0,0,0,0,0,0,0,0,0,0,0,0,0,0,0,0,0,0,0,0,0,0,0,0,0,0,0,0,0,0,0,0,0,0,0,0,0,0,0,)
    num_cache_misses:             0 (0,0,0,0,0,0,0,0,0,0,0,0,0,0,0,0,0,0,0,0,0,0,0,0,0,0,0,0,0,0,0,0,0,0,0,0,0,0,0,0,)
    num_cache_evictions:          0 (0,0,0,0,0,0,0,0,0,0,0,0,0,0,0,0,0,0,0,0,0,0,0,0,0,0,0,0,0,0,0,0,0,0,0,0,0,0,0,0,)
    batch_num_1:                  0
    batch_num_2:                  0
    batch_num_3:                  0
    batch_num_4:                  0
    batch_num_5:                  0
    batch_num_6:                  0
    batch_num_7:                  0
    batch_num_8:                  0
