Benchmark Options:
	Run time (sec):       10
	Warmup time (sec):    10
	Table size:           100000000
	Zipfian Factor:       0.9
	Request num:          16
	Read rate:            1
	Update rate:          0
	Insert rate:          0
	Scan rate:            0
	Index cache (MB):     128
	Pushdown rate:        0.1
	Cache admission rate: 0.5
	Number of Threads:    40

[4mInitializing transport ...[0m
NodeID: 2, 	Hostname: node2.hcha-284738.nextgendb-pg0.utah.cloudlab.us
[4mOpening mlx5_2
[0m
Connecting to node 0 at node0.hcha-284738.nextgendb-pg0.utah.cloudlab.us:2125
Connecting to node 1 at node1.hcha-284738.nextgendb-pg0.utah.cloudlab.us:2129
Connecting to node 2 at node2.hcha-284738.nextgendb-pg0.utah.cloudlab.us:2133
Connecting to node 3 at node3.hcha-284738.nextgendb-pg0.utah.cloudlab.us:2137
Remote sockets initialized
[4mLoading the database ...[0m
Reading schema file: ../benchmarks/ycsb/schema.txt
[4mExecuting the workload ...[0m
Begin!
entering dynamic phase
Elapsed time (sec)   : 27.7609
=Stats=
    Throughput:                   1.93667e+06

    run_time:                     400.002 (10,10.0001,10,10,10,10,10,10,10.0001,10.0001,10.0001,10,10.0001,10,10,10.0001,10,10,10,10.0001,10,10,10,10.0001,10,10,10.0001,10,10,10.0001,10.0001,10,10.0001,10.0001,10,10.0001,10.0001,10,10,10.0001,)
    time_process_txn (in us) :    20.6136 (9.97979,9.98435,9.98487,9.95672,9.98196,9.98319,9.97839,9.97281,9.97517,9.97717,9.98271,9.98266,9.9779,9.98312,9.98197,9.97804,9.98506,9.98558,9.98277,9.98482,9.98582,9.98195,9.98451,9.98463,9.9753,9.98262,9.98325,9.97857,9.98358,9.9839,9.97879,9.98314,9.98254,9.97928,9.98273,9.98324,9.97819,9.98267,9.98291,9.96278,)
    time_wait (in us) :           0 (0,0,0,0,0,0,0,0,0,0,0,0,0,0,0,0,0,0,0,0,0,0,0,0,0,0,0,0,0,0,0,0,0,0,0,0,0,0,0,0,)
    time_abort (in us) :          0 (0,0,0,0,0,0,0,0,0,0,0,0,0,0,0,0,0,0,0,0,0,0,0,0,0,0,0,0,0,0,0,0,0,0,0,0,0,0,0,0,)
    time_idle (in us) :           0 (0,0,0,0,0,0,0,0,0,0,0,0,0,0,0,0,0,0,0,0,0,0,0,0,0,0,0,0,0,0,0,0,0,0,0,0,0,0,0,0,)
    time_index (in us) :          0 (0,0,0,0,0,0,0,0,0,0,0,0,0,0,0,0,0,0,0,0,0,0,0,0,0,0,0,0,0,0,0,0,0,0,0,0,0,0,0,0,)
    time_lock (in us) :           0 (0,0,0,0,0,0,0,0,0,0,0,0,0,0,0,0,0,0,0,0,0,0,0,0,0,0,0,0,0,0,0,0,0,0,0,0,0,0,0,0,)
    time_prepare (in us) :        0 (0,0,0,0,0,0,0,0,0,0,0,0,0,0,0,0,0,0,0,0,0,0,0,0,0,0,0,0,0,0,0,0,0,0,0,0,0,0,0,0,)
    time_commit (in us) :         0 (0,0,0,0,0,0,0,0,0,0,0,0,0,0,0,0,0,0,0,0,0,0,0,0,0,0,0,0,0,0,0,0,0,0,0,0,0,0,0,0,)

    num_commits:                  1.93668e+07 (462529,488210,478719,482933,478891,487137,482989,481465,486967,482125,483006,484269,484508,494428,487972,476559,497148,494665,478143,484987,480950,486449,487550,476048,489967,483132,483406,489236,484293,495672,488406,486456,488960,483985,480484,484855,479098,485243,485417,469504,)
    num_aborts:                   0 (0,0,0,0,0,0,0,0,0,0,0,0,0,0,0,0,0,0,0,0,0,0,0,0,0,0,0,0,0,0,0,0,0,0,0,0,0,0,0,0,)
    num_waits:                    0 (0,0,0,0,0,0,0,0,0,0,0,0,0,0,0,0,0,0,0,0,0,0,0,0,0,0,0,0,0,0,0,0,0,0,0,0,0,0,0,0,)
    bytes_sent (in MB) :          1082.48 (25,27,26,26,26,27,27,26,27,26,27,27,27,27,27,26,27,27,26,27,26,27,27,26,27,27,27,27,27,27,27,27,27,27,26,27,26,27,27,26,)
    bytes_received (in MB) :      442.748 (10,11,10,11,10,11,11,11,11,11,11,11,11,11,11,10,11,11,10,11,10,11,11,10,11,11,11,11,11,11,11,11,11,11,11,11,10,11,11,10,)
    bytes_read (in MB) :          0 (0,0,0,0,0,0,0,0,0,0,0,0,0,0,0,0,0,0,0,0,0,0,0,0,0,0,0,0,0,0,0,0,0,0,0,0,0,0,0,0,)
    bytes_written (in MB) :       0 (0,0,0,0,0,0,0,0,0,0,0,0,0,0,0,0,0,0,0,0,0,0,0,0,0,0,0,0,0,0,0,0,0,0,0,0,0,0,0,0,)
    bytes_cas (in MB) :           0 (0,0,0,0,0,0,0,0,0,0,0,0,0,0,0,0,0,0,0,0,0,0,0,0,0,0,0,0,0,0,0,0,0,0,0,0,0,0,0,0,)
    bytes_faa (in MB) :           0 (0,0,0,0,0,0,0,0,0,0,0,0,0,0,0,0,0,0,0,0,0,0,0,0,0,0,0,0,0,0,0,0,0,0,0,0,0,0,0,0,)
    bytes_request:                0 (0,0,0,0,0,0,0,0,0,0,0,0,0,0,0,0,0,0,0,0,0,0,0,0,0,0,0,0,0,0,0,0,0,0,0,0,0,0,0,0,)
    bytes_response:               4.64254e+08 (11097800,11703800,11498328,11576288,11497284,11679888,11580944,11570168,11679880,11561924,11588568,11629216,11632076,11856260,11688160,11434656,11891844,11824668,11442780,11594384,11512188,11631304,11640072,11401616,11740676,11585044,11584380,11726644,11630268,11861220,11718336,11653068,11717284,11606280,11551388,11629920,11498472,11650216,11629460,11257720,)
    bytes_abort:                  0 (0,0,0,0,0,0,0,0,0,0,0,0,0,0,0,0,0,0,0,0,0,0,0,0,0,0,0,0,0,0,0,0,0,0,0,0,0,0,0,0,)
    num_cache_hits:               0 (0,0,0,0,0,0,0,0,0,0,0,0,0,0,0,0,0,0,0,0,0,0,0,0,0,0,0,0,0,0,0,0,0,0,0,0,0,0,0,0,)
    num_cache_misses:             0 (0,0,0,0,0,0,0,0,0,0,0,0,0,0,0,0,0,0,0,0,0,0,0,0,0,0,0,0,0,0,0,0,0,0,0,0,0,0,0,0,)
    num_cache_evictions:          0 (0,0,0,0,0,0,0,0,0,0,0,0,0,0,0,0,0,0,0,0,0,0,0,0,0,0,0,0,0,0,0,0,0,0,0,0,0,0,0,0,)
    batch_num_1:                  0
    batch_num_2:                  0
    batch_num_3:                  0
    batch_num_4:                  0
    batch_num_5:                  0
    batch_num_6:                  0
    batch_num_7:                  0
    batch_num_8:                  0
