Benchmark Options:
	Run time (sec):       10
	Warmup time (sec):    10
	Table size:           100000000
	Zipfian Factor:       0.9
	Request num:          16
	Read rate:            1
	Update rate:          0
	Insert rate:          0
	Scan rate:            0
	Index cache (MB):     128
	Pushdown rate:        0.1
	Cache admission rate: 0.5
	Number of Threads:    40

[4mInitializing transport ...[0m
NodeID: 1, 	Hostname: node1.hcha-284738.nextgendb-pg0.utah.cloudlab.us
[4mOpening mlx5_2
[0m
Connecting to node 0 at node0.hcha-284738.nextgendb-pg0.utah.cloudlab.us:2124
Connecting to node 1 at node1.hcha-284738.nextgendb-pg0.utah.cloudlab.us:2128
Connecting to node 2 at node2.hcha-284738.nextgendb-pg0.utah.cloudlab.us:2132
Connecting to node 3 at node3.hcha-284738.nextgendb-pg0.utah.cloudlab.us:2136
Remote sockets initialized
[4mLoading the database ...[0m
Reading schema file: ../benchmarks/ycsb/schema.txt
[4mExecuting the workload ...[0m
Begin!
entering dynamic phase
Elapsed time (sec)   : 27.7739
=Stats=
    Throughput:                   1.9346e+06

    run_time:                     400.002 (10.0001,10,10,10,10,10.0001,10,10,10.0001,10.0001,10,10.0001,10.0001,10.0001,10,10.0001,10,10.0001,10.0001,10.0001,10,10,10,10,10.0001,10,10.0001,10.0001,10,10.0001,10,10.0001,10,10,10.0001,10,10,10.0001,10,10.0001,)
    time_process_txn (in us) :    20.6356 (9.97932,9.98339,9.98374,9.95564,9.98015,9.98337,9.97775,9.97768,9.98269,9.97797,9.98259,9.98223,9.97795,9.98316,9.98136,9.97772,9.98485,9.98568,9.98196,9.98445,9.98545,9.98302,9.98521,9.98519,9.97889,9.98226,9.98152,9.97865,9.98245,9.98349,9.97901,9.98303,9.9826,9.97985,9.98256,9.9822,9.97877,9.98108,9.97933,9.95938,)
    time_wait (in us) :           0 (0,0,0,0,0,0,0,0,0,0,0,0,0,0,0,0,0,0,0,0,0,0,0,0,0,0,0,0,0,0,0,0,0,0,0,0,0,0,0,0,)
    time_abort (in us) :          0 (0,0,0,0,0,0,0,0,0,0,0,0,0,0,0,0,0,0,0,0,0,0,0,0,0,0,0,0,0,0,0,0,0,0,0,0,0,0,0,0,)
    time_idle (in us) :           0 (0,0,0,0,0,0,0,0,0,0,0,0,0,0,0,0,0,0,0,0,0,0,0,0,0,0,0,0,0,0,0,0,0,0,0,0,0,0,0,0,)
    time_index (in us) :          0 (0,0,0,0,0,0,0,0,0,0,0,0,0,0,0,0,0,0,0,0,0,0,0,0,0,0,0,0,0,0,0,0,0,0,0,0,0,0,0,0,)
    time_lock (in us) :           0 (0,0,0,0,0,0,0,0,0,0,0,0,0,0,0,0,0,0,0,0,0,0,0,0,0,0,0,0,0,0,0,0,0,0,0,0,0,0,0,0,)
    time_prepare (in us) :        0 (0,0,0,0,0,0,0,0,0,0,0,0,0,0,0,0,0,0,0,0,0,0,0,0,0,0,0,0,0,0,0,0,0,0,0,0,0,0,0,0,)
    time_commit (in us) :         0 (0,0,0,0,0,0,0,0,0,0,0,0,0,0,0,0,0,0,0,0,0,0,0,0,0,0,0,0,0,0,0,0,0,0,0,0,0,0,0,0,)

    num_commits:                  1.9346e+07 (462180,485010,487384,486762,480339,486543,483885,480759,486590,478415,479063,485620,481912,490259,491388,474471,495858,485993,482339,484753,475854,482156,484270,479600,489487,482944,484538,488134,485084,489000,492207,482490,486896,480229,484284,484440,477830,487653,484689,474740,)
    num_aborts:                   0 (0,0,0,0,0,0,0,0,0,0,0,0,0,0,0,0,0,0,0,0,0,0,0,0,0,0,0,0,0,0,0,0,0,0,0,0,0,0,0,0,)
    num_waits:                    0 (0,0,0,0,0,0,0,0,0,0,0,0,0,0,0,0,0,0,0,0,0,0,0,0,0,0,0,0,0,0,0,0,0,0,0,0,0,0,0,0,)
    bytes_sent (in MB) :          1080.1 (25,27,27,27,26,27,27,26,27,26,26,27,26,27,27,26,27,27,26,26,26,26,26,26,27,26,27,27,27,27,27,26,27,26,27,27,26,27,27,26,)
    bytes_received (in MB) :      441.934 (10,11,11,11,10,11,11,11,11,10,10,11,11,11,11,10,11,11,11,11,10,10,11,10,11,11,11,11,11,11,11,11,11,10,11,11,10,11,11,10,)
    bytes_read (in MB) :          0 (0,0,0,0,0,0,0,0,0,0,0,0,0,0,0,0,0,0,0,0,0,0,0,0,0,0,0,0,0,0,0,0,0,0,0,0,0,0,0,0,)
    bytes_written (in MB) :       0 (0,0,0,0,0,0,0,0,0,0,0,0,0,0,0,0,0,0,0,0,0,0,0,0,0,0,0,0,0,0,0,0,0,0,0,0,0,0,0,0,)
    bytes_cas (in MB) :           0 (0,0,0,0,0,0,0,0,0,0,0,0,0,0,0,0,0,0,0,0,0,0,0,0,0,0,0,0,0,0,0,0,0,0,0,0,0,0,0,0,)
    bytes_faa (in MB) :           0 (0,0,0,0,0,0,0,0,0,0,0,0,0,0,0,0,0,0,0,0,0,0,0,0,0,0,0,0,0,0,0,0,0,0,0,0,0,0,0,0,)
    bytes_request:                0 (0,0,0,0,0,0,0,0,0,0,0,0,0,0,0,0,0,0,0,0,0,0,0,0,0,0,0,0,0,0,0,0,0,0,0,0,0,0,0,0,)
    bytes_response:               4.63402e+08 (11083356,11628528,11672064,11649220,11529228,11650604,11589204,11536992,11667136,11475424,11455240,11643144,11559404,11725308,11755276,11399592,11865596,11614464,11538396,11578560,11374124,11523520,11581312,11466076,11748048,11573156,11626056,11671664,11638908,11724968,11797944,11561624,11661452,11513796,11605376,11594348,11437776,11693928,11610132,11380800,)
    bytes_abort:                  0 (0,0,0,0,0,0,0,0,0,0,0,0,0,0,0,0,0,0,0,0,0,0,0,0,0,0,0,0,0,0,0,0,0,0,0,0,0,0,0,0,)
    num_cache_hits:               0 (0,0,0,0,0,0,0,0,0,0,0,0,0,0,0,0,0,0,0,0,0,0,0,0,0,0,0,0,0,0,0,0,0,0,0,0,0,0,0,0,)
    num_cache_misses:             0 (0,0,0,0,0,0,0,0,0,0,0,0,0,0,0,0,0,0,0,0,0,0,0,0,0,0,0,0,0,0,0,0,0,0,0,0,0,0,0,0,)
    num_cache_evictions:          0 (0,0,0,0,0,0,0,0,0,0,0,0,0,0,0,0,0,0,0,0,0,0,0,0,0,0,0,0,0,0,0,0,0,0,0,0,0,0,0,0,)
    batch_num_1:                  0
    batch_num_2:                  0
    batch_num_3:                  0
    batch_num_4:                  0
    batch_num_5:                  0
    batch_num_6:                  0
    batch_num_7:                  0
    batch_num_8:                  0
