Benchmark Options:
	Run time (sec):       10
	Warmup time (sec):    10
	Table size:           100000000
	Zipfian Factor:       0.9
	Request num:          16
	Read rate:            1
	Update rate:          0
	Insert rate:          0
	Scan rate:            0
	Index cache (MB):     128
	Pushdown rate:        0.1
	Cache admission rate: 0.5
	Number of Threads:    40

[4mInitializing transport ...[0m
NodeID: 3, 	Hostname: node3.hcha-284738.nextgendb-pg0.utah.cloudlab.us
[4mOpening mlx5_2
[0m
Connecting to node 0 at node0.hcha-284738.nextgendb-pg0.utah.cloudlab.us:2126
Connecting to node 1 at node1.hcha-284738.nextgendb-pg0.utah.cloudlab.us:2130
Connecting to node 2 at node2.hcha-284738.nextgendb-pg0.utah.cloudlab.us:2134
Connecting to node 3 at node3.hcha-284738.nextgendb-pg0.utah.cloudlab.us:2138
Remote sockets initialized
[4mLoading the database ...[0m
Reading schema file: ../benchmarks/ycsb/schema.txt
[4mExecuting the workload ...[0m
Begin!
entering dynamic phase
Elapsed time (sec)   : 27.7459
=Stats=
    Throughput:                   1.94553e+06

    run_time:                     400.002 (10,10.0001,10,10.0001,10.0001,10.0001,10.0001,10.0001,10.0001,10.0001,10,10.0001,10,10.0001,10.0001,10.0001,10.0001,10.0001,10.0001,10.0001,10.0001,10,10,10.0001,10.0001,10,10.0001,10,10.0001,10.0001,10.0001,10,10,10.0001,10,10.0001,10.0001,10,10,10.0001,)
    time_process_txn (in us) :    20.522 (9.98088,9.98351,9.98495,9.95665,9.98143,9.98309,9.97935,9.97791,9.98346,9.97852,9.98293,9.98315,9.97848,9.98332,9.98289,9.9792,9.98597,9.98565,9.98288,9.98578,9.98652,9.98447,9.98614,9.98555,9.97967,9.98348,9.98397,9.97932,9.98352,9.98433,9.97991,9.98384,9.9835,9.97971,9.9833,9.98385,9.97959,9.98311,9.98385,9.9653,)
    time_wait (in us) :           0 (0,0,0,0,0,0,0,0,0,0,0,0,0,0,0,0,0,0,0,0,0,0,0,0,0,0,0,0,0,0,0,0,0,0,0,0,0,0,0,0,)
    time_abort (in us) :          0 (0,0,0,0,0,0,0,0,0,0,0,0,0,0,0,0,0,0,0,0,0,0,0,0,0,0,0,0,0,0,0,0,0,0,0,0,0,0,0,0,)
    time_idle (in us) :           0 (0,0,0,0,0,0,0,0,0,0,0,0,0,0,0,0,0,0,0,0,0,0,0,0,0,0,0,0,0,0,0,0,0,0,0,0,0,0,0,0,)
    time_index (in us) :          0 (0,0,0,0,0,0,0,0,0,0,0,0,0,0,0,0,0,0,0,0,0,0,0,0,0,0,0,0,0,0,0,0,0,0,0,0,0,0,0,0,)
    time_lock (in us) :           0 (0,0,0,0,0,0,0,0,0,0,0,0,0,0,0,0,0,0,0,0,0,0,0,0,0,0,0,0,0,0,0,0,0,0,0,0,0,0,0,0,)
    time_prepare (in us) :        0 (0,0,0,0,0,0,0,0,0,0,0,0,0,0,0,0,0,0,0,0,0,0,0,0,0,0,0,0,0,0,0,0,0,0,0,0,0,0,0,0,)
    time_commit (in us) :         0 (0,0,0,0,0,0,0,0,0,0,0,0,0,0,0,0,0,0,0,0,0,0,0,0,0,0,0,0,0,0,0,0,0,0,0,0,0,0,0,0,)

    num_commits:                  1.94554e+07 (469481,493021,486810,481663,488078,484401,480715,487415,486642,490574,491028,485895,493250,489942,481738,479971,495413,494157,486717,486247,488596,485276,479908,489979,485265,490554,487732,484793,493798,485808,482727,492025,489515,488562,487165,481858,486160,485216,480953,476312,)
    num_aborts:                   0 (0,0,0,0,0,0,0,0,0,0,0,0,0,0,0,0,0,0,0,0,0,0,0,0,0,0,0,0,0,0,0,0,0,0,0,0,0,0,0,0,)
    num_waits:                    0 (0,0,0,0,0,0,0,0,0,0,0,0,0,0,0,0,0,0,0,0,0,0,0,0,0,0,0,0,0,0,0,0,0,0,0,0,0,0,0,0,)
    bytes_sent (in MB) :          1082.72 (26,27,27,26,27,26,26,27,27,27,27,27,27,27,26,26,27,27,27,26,27,26,26,27,27,27,27,26,27,27,26,27,27,27,27,26,27,27,26,26,)
    bytes_received (in MB) :      443.209 (10,11,11,10,11,11,10,11,11,11,11,11,11,11,10,10,11,11,11,11,11,11,10,11,11,11,11,11,11,11,10,11,11,11,11,11,11,11,10,10,)
    bytes_read (in MB) :          0 (0,0,0,0,0,0,0,0,0,0,0,0,0,0,0,0,0,0,0,0,0,0,0,0,0,0,0,0,0,0,0,0,0,0,0,0,0,0,0,0,)
    bytes_written (in MB) :       0 (0,0,0,0,0,0,0,0,0,0,0,0,0,0,0,0,0,0,0,0,0,0,0,0,0,0,0,0,0,0,0,0,0,0,0,0,0,0,0,0,)
    bytes_cas (in MB) :           0 (0,0,0,0,0,0,0,0,0,0,0,0,0,0,0,0,0,0,0,0,0,0,0,0,0,0,0,0,0,0,0,0,0,0,0,0,0,0,0,0,)
    bytes_faa (in MB) :           0 (0,0,0,0,0,0,0,0,0,0,0,0,0,0,0,0,0,0,0,0,0,0,0,0,0,0,0,0,0,0,0,0,0,0,0,0,0,0,0,0,)
    bytes_request:                0 (0,0,0,0,0,0,0,0,0,0,0,0,0,0,0,0,0,0,0,0,0,0,0,0,0,0,0,0,0,0,0,0,0,0,0,0,0,0,0,0,)
    bytes_response:               4.64738e+08 (11223424,11764732,11633504,11500080,11643900,11574452,11493656,11665908,11618764,11697480,11747052,11625848,11778896,11713192,11507940,11477548,11830116,11779496,11629860,11589440,11632848,11567448,11429172,11673116,11589360,11726036,11662640,11571068,11813672,11619048,11530968,11752672,11698200,11671252,11672724,11535340,11604236,11613052,11517032,11362712,)
    bytes_abort:                  0 (0,0,0,0,0,0,0,0,0,0,0,0,0,0,0,0,0,0,0,0,0,0,0,0,0,0,0,0,0,0,0,0,0,0,0,0,0,0,0,0,)
    num_cache_hits:               0 (0,0,0,0,0,0,0,0,0,0,0,0,0,0,0,0,0,0,0,0,0,0,0,0,0,0,0,0,0,0,0,0,0,0,0,0,0,0,0,0,)
    num_cache_misses:             0 (0,0,0,0,0,0,0,0,0,0,0,0,0,0,0,0,0,0,0,0,0,0,0,0,0,0,0,0,0,0,0,0,0,0,0,0,0,0,0,0,)
    num_cache_evictions:          0 (0,0,0,0,0,0,0,0,0,0,0,0,0,0,0,0,0,0,0,0,0,0,0,0,0,0,0,0,0,0,0,0,0,0,0,0,0,0,0,0,)
    batch_num_1:                  0
    batch_num_2:                  0
    batch_num_3:                  0
    batch_num_4:                  0
    batch_num_5:                  0
    batch_num_6:                  0
    batch_num_7:                  0
    batch_num_8:                  0
